2016-01-01,Gmail,0,0,0,0,0,0,0,0,0,0
2016-01-01,Gmail,0,0,0,0,0,0,0,0,0,0
2016-01-01,Other,0,0,0,0,0,0,0,0,0,0
2016-01-02,Gmail,0,0,0,0,0,0,0,0,0,0
2016-01-02,Other,0,0,0,0,0,0,0,0,0,0
2016-01-03,Gmail,0,0,0,0,0,0,0,0,0,0
2016-01-03,Other,0,0,0,0,0,0,0,0,0,0
2016-01-04,Gmail,0,0,0,0,0,0,0,0,0,0
2016-01-04,Other,0,0,0,0,0,0,0,0,0,0
2016-01-05,Gmail,0,0,0,0,0,0,0,0,0,0
2016-01-05,Other,0,0,0,0,0,0,0,0,0,0
2016-01-06,Gmail,0,0,0,0,0,0,0,0,0,0
2016-01-06,Other,0,0,0,0,0,0,0,0,0,0
2016-01-07,Gmail,0,0,0,0,0,0,0,0,0,0
2016-01-07,Other,0,0,0,0,0,0,0,0,0,0
2016-01-08,Gmail,0,0,0,0,0,0,0,0,0,0
2016-01-08,Other,0,0,0,0,0,0,0,0,0,0
2016-01-09,Gmail,0,0,0,0,0,0,0,0,0,0
2016-01-09,Other,0,0,0,0,0,0,0,0,0,0
2016-01-10,Gmail,0,0,0,0,0,0,0,0,0,0
2016-01-10,Other,0,0,0,0,0,0,0,0,0,0
2016-01-11,Gmail,0,0,0,0,0,0,0,0,0,0
2016-01-11,Other,0,0,0,0,0,0,0,0,0,0
2016-01-12,Gmail,0,0,0,0,0,0,0,0,0,0
2016-01-12,Other,0,0,0,0,0,0,0,0,0,0
2016-01-13,Gmail,0,0,0,0,0,0,0,0,0,0
2016-01-13,Other,0,0,0,0,0,0,0,0,0,0
2016-01-14,Gmail,0,0,0,0,0,0,0,0,0,0
2016-01-14,Other,0,0,0,0,0,0,0,0,0,0
2016-01-15,Gmail,0,0,0,0,0,0,0,0,0,0
2016-01-15,Other,0,0,0,0,0,0,0,0,0,0
2016-01-16,Gmail,0,0,0,0,0,0,0,0,0,0
2016-01-16,Other,0,0,0,0,0,0,0,0,0,0
2016-01-17,Gmail,0,0,0,0,0,0,0,0,0,0
2016-01-17,Other,0,0,0,0,0,0,0,0,0,0
2016-01-18,Gmail,0,0,0,0,0,0,0,0,0,0
2016-01-18,Other,0,0,0,0,0,0,0,0,0,0
2016-01-19,Gmail,0,0,0,0,0,0,0,0,0,0
2016-01-19,Other,0,0,0,0,0,0,0,0,0,0
2016-01-20,Gmail,0,0,0,0,0,0,0,0,0,0
2016-01-20,Other,0,0,0,0,0,0,0,0,0,0
2016-01-21,Gmail,0,0,0,0,0,0,0,0,0,0
2016-01-21,Other,0,0,0,0,0,0,0,0,0,0
2016-01-22,Gmail,0,0,0,0,0,0,0,0,0,0
2016-01-22,Other,0,0,0,0,0,0,0,0,0,0
2016-01-23,Gmail,0,0,0,0,0,0,0,0,0,0
2016-01-23,Other,0,0,0,0,0,0,0,0,0,0
2016-01-24,Gmail,0,0,0,0,0,0,0,0,0,0
2016-01-24,Other,0,0,0,0,0,0,0,0,0,0
2016-01-25,Gmail,0,0,0,0,0,0,0,0,0,0
2016-01-25,Other,0,0,0,0,0,0,0,0,0,0
2016-01-26,Gmail,0,0,0,0,0,0,0,0,0,0
2016-01-26,Other,0,0,0,0,0,0,0,0,0,0
2016-01-27,Gmail,0,0,0,0,0,0,0,0,0,0
2016-01-27,Other,0,0,0,0,0,0,0,0,0,0
2016-01-28,Gmail,0,0,0,0,0,0,0,0,0,0
2016-01-28,Other,0,0,0,0,0,0,0,0,0,0
2016-01-29,Gmail,0,0,0,0,0,0,0,0,0,0
2016-01-29,Other,0,0,0,0,0,0,0,0,0,0
2016-01-30,Gmail,0,0,0,0,0,0,0,0,0,0
2016-01-30,Other,0,0,0,0,0,0,0,0,0,0
2016-01-31,Gmail,0,0,0,0,0,0,0,0,0,0
2016-01-31,Other,0,0,0,0,0,0,0,0,0,0
2016-02-01,Gmail,0,0,0,0,0,0,0,0,0,0
2016-02-01,Other,0,0,0,0,0,0,0,0,0,0
2016-02-02,Gmail,0,0,0,0,0,0,0,0,0,0
2016-02-02,Other,0,0,0,0,0,0,0,0,0,0
2016-02-03,Gmail,0,0,0,0,0,0,0,0,0,0
2016-02-03,Other,0,0,0,0,0,0,0,0,0,0
2016-02-04,Gmail,0,0,0,0,0,0,0,0,0,0
2016-02-04,Other,0,0,0,0,0,0,0,0,0,0
2016-02-05,Gmail,0,0,0,0,0,0,0,0,0,0
2016-02-05,Other,0,0,0,0,0,0,0,0,0,0
2016-02-06,Gmail,0,0,0,0,0,0,0,0,0,0
2016-02-06,Other,0,0,0,0,0,0,0,0,0,0
2016-02-07,Gmail,0,0,0,0,0,0,0,0,0,0
2016-02-07,Other,0,0,0,0,0,0,0,0,0,0
2016-02-08,Gmail,0,0,0,0,0,0,0,0,0,0
2016-02-08,Other,0,0,0,0,0,0,0,0,0,0
2016-02-09,Gmail,0,0,0,0,0,0,0,0,0,0
2016-02-09,Other,0,0,0,0,0,0,0,0,0,0
2016-02-10,Gmail,0,0,0,0,0,0,0,0,0,0
2016-02-10,Other,0,0,0,0,0,0,0,0,0,0
2016-02-11,Gmail,0,0,0,0,0,0,0,0,0,0
2016-02-11,Other,0,0,0,0,0,0,0,0,0,0
2016-02-12,Gmail,0,0,0,0,0,0,0,0,0,0
2016-02-12,Other,0,0,0,0,0,0,0,0,0,0
2016-02-13,Gmail,0,0,0,0,0,0,0,0,0,0
2016-02-13,Other,0,0,0,0,0,0,0,0,0,0
2016-02-14,Gmail,0,0,0,0,0,0,0,0,0,0
2016-02-14,Other,0,0,0,0,0,0,0,0,0,0
2016-02-15,Gmail,0,0,0,0,0,0,0,0,0,0
2016-02-15,Other,0,0,0,0,0,0,0,0,0,0
2016-02-16,Gmail,0,0,0,0,0,0,0,0,0,0
2016-02-16,Other,0,0,0,0,0,0,0,0,0,0
2016-02-17,Gmail,0,0,0,0,0,0,0,0,0,0
2016-02-17,Other,0,0,0,0,0,0,0,0,0,0
2016-02-18,Gmail,0,0,0,0,0,0,0,0,0,0
2016-02-18,Other,0,0,0,0,0,0,0,0,0,0
2016-02-19,Gmail,0,0,0,0,0,0,0,0,0,0
2016-02-19,Other,0,0,0,0,0,0,0,0,0,0
2016-02-20,Gmail,0,0,0,0,0,0,0,0,0,0
2016-02-20,Other,0,0,0,0,0,0,0,0,0,0
2016-02-21,Gmail,0,0,0,0,0,0,0,0,0,0
2016-02-21,Other,0,0,0,0,0,0,0,0,0,0
2016-02-22,Gmail,0,0,0,0,0,0,0,0,0,0
2016-02-22,Other,0,0,0,0,0,0,0,0,0,0
2016-02-23,Gmail,0,0,0,0,0,0,0,0,0,0
2016-02-23,Other,0,0,0,0,0,0,0,0,0,0
2016-02-24,Gmail,0,0,0,0,0,0,0,0,0,0
2016-02-24,Other,0,0,0,0,0,0,0,0,0,0
2016-02-25,Gmail,0,0,0,0,0,0,0,0,0,0
2016-02-25,Other,0,0,0,0,0,0,0,0,0,0
2016-02-26,Gmail,0,0,0,0,0,0,0,0,0,0
2016-02-26,Other,0,0,0,0,0,0,0,0,0,0
2016-02-27,Gmail,0,0,0,0,0,0,0,0,0,0
2016-02-27,Other,0,0,0,0,0,0,0,0,0,0
2016-02-28,Gmail,0,0,0,0,0,0,0,0,0,0
2016-02-28,Other,0,0,0,0,0,0,0,0,0,0
2016-02-29,Gmail,0,0,0,0,0,0,0,0,0,0
2016-02-29,Other,0,0,0,0,0,0,0,0,0,0
2016-03-01,Gmail,0,0,0,0,0,0,0,0,0,0
2016-03-01,Other,0,0,0,0,0,0,0,0,0,0
2016-03-02,Gmail,0,0,0,0,0,0,0,0,0,0
2016-03-02,Other,0,0,0,0,0,0,0,0,0,0
2016-03-03,Gmail,0,0,0,0,0,0,0,0,0,0
2016-03-03,Other,0,0,0,0,0,0,0,0,0,0
2016-03-04,Gmail,0,0,0,0,0,0,0,0,0,0
2016-03-04,Other,0,0,0,0,0,0,0,0,0,0
2016-03-05,Gmail,0,0,0,0,0,0,0,0,0,0
2016-03-05,Other,0,0,0,0,0,0,0,0,0,0
2016-03-06,Gmail,0,0,0,0,0,0,0,0,0,0
2016-03-06,Other,0,0,0,0,0,0,0,0,0,0
2016-03-07,Gmail,0,0,0,0,0,0,0,0,0,0
2016-03-07,Other,0,0,0,0,0,0,0,0,0,0
2016-03-08,Gmail,0,0,0,0,0,0,0,0,0,0
2016-03-08,Other,0,0,0,0,0,0,0,0,0,0
2016-03-09,Gmail,0,0,0,0,0,0,0,0,0,0
2016-03-09,Other,0,0,0,0,0,0,0,0,0,0
2016-03-10,Gmail,0,0,0,0,0,0,0,0,0,0
2016-03-10,Other,0,0,0,0,0,0,0,0,0,0
2016-03-11,Gmail,0,0,0,0,0,0,0,0,0,0
2016-03-11,Other,0,0,0,0,0,0,0,0,0,0
2016-03-12,Gmail,0,0,0,0,0,0,0,0,0,0
2016-03-12,Other,0,0,0,0,0,0,0,0,0,0
2016-03-13,Gmail,0,0,0,0,0,0,0,0,0,0
2016-03-13,Other,0,0,0,0,0,0,0,0,0,0
2016-03-14,Gmail,0,0,0,0,0,0,0,0,0,0
2016-03-14,Other,0,0,0,0,0,0,0,0,0,0
2016-03-15,Gmail,0,0,0,0,0,0,0,0,0,0
2016-03-15,Other,0,0,0,0,0,0,0,0,0,0
2016-03-16,Gmail,0,0,0,0,0,0,0,0,0,0
2016-03-16,Other,0,0,0,0,0,0,0,0,0,0
2016-03-17,Gmail,0,0,0,0,0,0,0,0,0,0
2016-03-17,Other,0,0,0,0,0,0,0,0,0,0
2016-03-18,Gmail,0,0,0,0,0,0,0,0,0,0
2016-03-18,Other,0,0,0,0,0,0,0,0,0,0
2016-03-19,Gmail,0,0,0,0,0,0,0,0,0,0
2016-03-19,Other,0,0,0,0,0,0,0,0,0,0
2016-03-20,Gmail,0,0,0,0,0,0,0,0,0,0
2016-03-20,Other,0,0,0,0,0,0,0,0,0,0
2016-03-21,Gmail,0,0,0,0,0,0,0,0,0,0
2016-03-21,Other,0,0,0,0,0,0,0,0,0,0
2016-03-22,Gmail,0,0,0,0,0,0,0,0,0,0
2016-03-22,Other,0,0,0,0,0,0,0,0,0,0
2016-03-23,Gmail,0,0,0,0,0,0,0,0,0,0
2016-03-23,Other,0,0,0,0,0,0,0,0,0,0
2016-03-24,Gmail,0,0,0,0,0,0,0,0,0,0
2016-03-24,Other,0,0,0,0,0,0,0,0,0,0
2016-03-25,Gmail,0,0,0,0,0,0,0,0,0,0
2016-03-25,Other,0,0,0,0,0,0,0,0,0,0
2016-03-26,Gmail,0,0,0,0,0,0,0,0,0,0
2016-03-26,Other,0,0,0,0,0,0,0,0,0,0
2016-03-27,Gmail,0,0,0,0,0,0,0,0,0,0
2016-03-27,Other,0,0,0,0,0,0,0,0,0,0
2016-03-28,Gmail,0,0,0,0,0,0,0,0,0,0
2016-03-28,Other,0,0,0,0,0,0,0,0,0,0
2016-03-29,Gmail,0,0,0,0,0,0,0,0,0,0
2016-03-29,Other,0,0,0,0,0,0,0,0,0,0
2016-03-30,Gmail,0,0,0,0,0,0,0,0,0,0
2016-03-30,Other,0,0,0,0,0,0,0,0,0,0
2016-03-31,Gmail,0,0,0,0,0,0,0,0,0,0
2016-03-31,Other,0,0,0,0,0,0,0,0,0,0
2016-04-01,Gmail,0,0,0,0,0,0,0,0,0,0
2016-04-01,Other,0,0,0,0,0,0,0,0,0,0
2016-04-02,Gmail,0,0,0,0,0,0,0,0,0,0
2016-04-02,Other,0,0,0,0,0,0,0,0,0,0
2016-04-03,Gmail,0,0,0,0,0,0,0,0,0,0
2016-04-03,Other,0,0,0,0,0,0,0,0,0,0
2016-04-04,Gmail,0,0,0,0,0,0,0,0,0,0
2016-04-04,Other,0,0,0,0,0,0,0,0,0,0
2016-04-05,Gmail,0,0,0,0,0,0,0,0,0,0
2016-04-05,Other,0,0,0,0,0,0,0,0,0,0
2016-04-06,Gmail,0,0,0,0,0,0,0,0,0,0
2016-04-06,Other,0,0,0,0,0,0,0,0,0,0
2016-04-07,Gmail,0,0,0,0,0,0,0,0,0,0
2016-04-07,Other,0,0,0,0,0,0,0,0,0,0
2016-04-08,Gmail,0,0,0,0,0,0,0,0,0,0
2016-04-08,Other,0,0,0,0,0,0,0,0,0,0
2016-04-09,Gmail,0,0,0,0,0,0,0,0,0,0
2016-04-09,Other,0,0,0,0,0,0,0,0,0,0
2016-04-10,Gmail,0,0,0,0,0,0,0,0,0,0
2016-04-10,Other,0,0,0,0,0,0,0,0,0,0
2016-04-11,Gmail,0,0,0,0,0,0,0,0,0,0
2016-04-11,Other,0,0,0,0,0,0,0,0,0,0
2016-04-12,Gmail,0,0,0,0,0,0,0,0,0,0
2016-04-12,Other,0,0,0,0,0,0,0,0,0,0
2016-04-13,Gmail,0,0,0,0,0,0,0,0,0,0
2016-04-13,Other,0,0,0,0,0,0,0,0,0,0
2016-04-14,Gmail,0,0,0,0,0,0,0,0,0,0
2016-04-14,Other,0,0,0,0,0,0,0,0,0,0
2016-04-15,Gmail,0,0,0,0,0,0,0,0,0,0
2016-04-15,Other,0,0,0,0,0,0,0,0,0,0
2016-04-16,Gmail,0,0,0,0,0,0,0,0,0,0
2016-04-16,Other,0,0,0,0,0,0,0,0,0,0
2016-04-17,Gmail,0,0,0,0,0,0,0,0,0,0
2016-04-17,Other,0,0,0,0,0,0,0,0,0,0
2016-04-18,Gmail,0,0,0,0,0,0,0,0,0,0
2016-04-18,Other,0,0,0,0,0,0,0,0,0,0
2016-04-19,Gmail,0,0,0,0,0,0,0,0,0,0
2016-04-19,Other,0,0,0,0,0,0,0,0,0,0
2016-04-20,Gmail,0,0,0,0,0,0,0,0,0,0
2016-04-20,Other,0,0,0,0,0,0,0,0,0,0
2016-04-21,Gmail,0,0,0,0,0,0,0,0,0,0
2016-04-21,Other,0,0,0,0,0,0,0,0,0,0
2016-04-22,Gmail,0,0,0,0,0,0,0,0,0,0
2016-04-22,Other,0,0,0,0,0,0,0,0,0,0
2016-04-23,Gmail,0,0,0,0,0,0,0,0,0,0
2016-04-23,Other,0,0,0,0,0,0,0,0,0,0
2016-04-24,Gmail,0,0,0,0,0,0,0,0,0,0
2016-04-24,Other,0,0,0,0,0,0,0,0,0,0
2016-04-25,Gmail,0,0,0,0,0,0,0,0,0,0
2016-04-25,Other,0,0,0,0,0,0,0,0,0,0
2016-04-26,Gmail,0,0,0,0,0,0,0,0,0,0
2016-04-26,Other,0,0,0,0,0,0,0,0,0,0
2016-04-27,Gmail,0,0,0,0,0,0,0,0,0,0
2016-04-27,Other,0,0,0,0,0,0,0,0,0,0
2016-04-28,Gmail,0,0,0,0,0,0,0,0,0,0
2016-04-28,Other,0,0,0,0,0,0,0,0,0,0
2016-04-29,Gmail,0,0,0,0,0,0,0,0,0,0
2016-04-29,Other,0,0,0,0,0,0,0,0,0,0
2016-04-30,Gmail,0,0,0,0,0,0,0,0,0,0
2016-04-30,Other,0,0,0,0,0,0,0,0,0,0
2016-05-01,Gmail,0,0,0,0,0,0,0,0,0,0
2016-05-01,Other,0,0,0,0,0,0,0,0,0,0
2016-05-02,Gmail,0,0,0,0,0,0,0,0,0,0
2016-05-02,Other,0,0,0,0,0,0,0,0,0,0
2016-05-03,Gmail,0,0,0,0,0,0,0,0,0,0
2016-05-03,Other,0,0,0,0,0,0,0,0,0,0
2016-05-04,Gmail,0,0,0,0,0,0,0,0,0,0
2016-05-04,Other,0,0,0,0,0,0,0,0,0,0
2016-05-05,Gmail,0,0,0,0,0,0,0,0,0,0
2016-05-05,Other,0,0,0,0,0,0,0,0,0,0
2016-05-06,Gmail,0,0,0,0,0,0,0,0,0,0
2016-05-06,Other,0,0,0,0,0,0,0,0,0,0
2016-05-07,Gmail,0,0,0,0,0,0,0,0,0,0
2016-05-07,Other,0,0,0,0,0,0,0,0,0,0
2016-05-08,Gmail,0,0,0,0,0,0,0,0,0,0
2016-05-08,Other,0,0,0,0,0,0,0,0,0,0
2016-05-09,Gmail,0,0,0,0,0,0,0,0,0,0
2016-05-09,Other,0,0,0,0,0,0,0,0,0,0
2016-05-10,Gmail,0,0,0,0,0,0,0,0,0,0
2016-05-10,Other,0,0,0,0,0,0,0,0,0,0
2016-05-11,Gmail,0,0,0,0,0,0,0,0,0,0
2016-05-11,Other,0,0,0,0,0,0,0,0,0,0
2016-05-12,Gmail,0,0,0,0,0,0,0,0,0,0
2016-05-12,Other,0,0,0,0,0,0,0,0,0,0
2016-05-13,Gmail,0,0,0,0,0,0,0,0,0,0
2016-05-13,Other,0,0,0,0,0,0,0,0,0,0
2016-05-14,Gmail,0,0,0,0,0,0,0,0,0,0
2016-05-14,Other,0,0,0,0,0,0,0,0,0,0
2016-05-15,Gmail,0,0,0,0,0,0,0,0,0,0
2016-05-15,Other,0,0,0,0,0,0,0,0,0,0
2016-05-16,Gmail,0,0,0,0,0,0,0,0,0,0
2016-05-16,Other,0,0,0,0,0,0,0,0,0,0
2016-05-17,Gmail,0,0,0,0,0,0,0,0,0,0
2016-05-17,Other,0,0,0,0,0,0,0,0,0,0
2016-05-18,Gmail,0,0,0,0,0,0,0,0,0,0
2016-05-18,Other,0,0,0,0,0,0,0,0,0,0
2016-05-19,Gmail,0,0,0,0,0,0,0,0,0,0
2016-05-19,Other,0,0,0,0,0,0,0,0,0,0
2016-05-20,Gmail,0,0,0,0,0,0,0,0,0,0
2016-05-20,Other,0,0,0,0,0,0,0,0,0,0
2016-05-21,Gmail,0,0,0,0,0,0,0,0,0,0
2016-05-21,Other,0,0,0,0,0,0,0,0,0,0
2016-05-22,Gmail,0,0,0,0,0,0,0,0,0,0
2016-05-22,Other,0,0,0,0,0,0,0,0,0,0
2016-05-23,Gmail,0,0,0,0,0,0,0,0,0,0
2016-05-23,Other,0,0,0,0,0,0,0,0,0,0
2016-05-24,Gmail,0,0,0,0,0,0,0,0,0,0
2016-05-24,Other,0,0,0,0,0,0,0,0,0,0
2016-05-25,Gmail,0,0,0,0,0,0,0,0,0,0
2016-05-25,Other,0,0,0,0,0,0,0,0,0,0
2016-05-26,Gmail,0,0,0,0,0,0,0,0,0,0
2016-05-26,Other,0,0,0,0,0,0,0,0,0,0
2016-05-27,Gmail,0,0,0,0,0,0,0,0,0,0
2016-05-27,Other,0,0,0,0,0,0,0,0,0,0
2016-05-28,Gmail,0,0,0,0,0,0,0,0,0,0
2016-05-28,Other,0,0,0,0,0,0,0,0,0,0
2016-05-29,Gmail,0,0,0,0,0,0,0,0,0,0
2016-05-29,Other,0,0,0,0,0,0,0,0,0,0
2016-05-30,Gmail,0,0,0,0,0,0,0,0,0,0
2016-05-30,Other,0,0,0,0,0,0,0,0,0,0
2016-05-31,Gmail,0,0,0,0,0,0,0,0,0,0
2016-05-31,Other,0,0,0,0,0,0,0,0,0,0
2016-06-01,Gmail,0,0,0,0,0,0,0,0,0,0
2016-06-01,Other,0,0,0,0,0,0,0,0,0,0
2016-06-02,Gmail,0,0,0,0,0,0,0,0,0,0
2016-06-02,Other,0,0,0,0,0,0,0,0,0,0
2016-06-03,Gmail,0,0,0,0,0,0,0,0,0,0
2016-06-03,Other,0,0,0,0,0,0,0,0,0,0
2016-06-04,Gmail,0,0,0,0,0,0,0,0,0,0
2016-06-04,Other,0,0,0,0,0,0,0,0,0,0
2016-06-05,Gmail,0,0,0,0,0,0,0,0,0,0
2016-06-05,Other,0,0,0,0,0,0,0,0,0,0
2016-06-06,Gmail,0,0,0,0,0,0,0,0,0,0
2016-06-06,Other,0,0,0,0,0,0,0,0,0,0
2016-06-07,Gmail,0,0,0,0,0,0,0,0,0,0
2016-06-07,Other,0,0,0,0,0,0,0,0,0,0
2016-06-08,Gmail,0,0,0,0,0,0,0,0,0,0
2016-06-08,Other,0,0,0,0,0,0,0,0,0,0
2016-06-09,Gmail,0,0,0,0,0,0,0,0,0,0
2016-06-09,Other,0,0,0,0,0,0,0,0,0,0
2016-06-10,Gmail,0,0,0,0,0,0,0,0,0,0
2016-06-10,Other,0,0,0,0,0,0,0,0,0,0
2016-06-11,Gmail,0,0,0,0,0,0,0,0,0,0
2016-06-11,Other,0,0,0,0,0,0,0,0,0,0
2016-06-12,Gmail,0,0,0,0,0,0,0,0,0,0
2016-06-12,Other,0,0,0,0,0,0,0,0,0,0
2016-06-13,Gmail,0,0,0,0,0,0,0,0,0,0
2016-06-13,Other,0,0,0,0,0,0,0,0,0,0
2016-06-14,Gmail,0,0,0,0,0,0,0,0,0,0
2016-06-14,Other,0,0,0,0,0,0,0,0,0,0
2016-06-15,Gmail,0,0,0,0,0,0,0,0,0,0
2016-06-15,Other,0,0,0,0,0,0,0,0,0,0
2016-06-16,Gmail,0,0,0,0,0,0,0,0,0,0
2016-06-16,Other,0,0,0,0,0,0,0,0,0,0
2016-06-17,Gmail,0,0,0,0,0,0,0,0,0,0
2016-06-17,Other,0,0,0,0,0,0,0,0,0,0
2016-06-18,Gmail,0,0,0,0,0,0,0,0,0,0
2016-06-18,Other,0,0,0,0,0,0,0,0,0,0
2016-06-19,Gmail,0,0,0,0,0,0,0,0,0,0
2016-06-19,Other,0,0,0,0,0,0,0,0,0,0
2016-06-20,Gmail,0,0,0,0,0,0,0,0,0,0
2016-06-20,Other,0,0,0,0,0,0,0,0,0,0
2016-06-21,Gmail,0,0,0,0,0,0,0,0,0,0
2016-06-21,Other,0,0,0,0,0,0,0,0,0,0
2016-06-22,Gmail,0,0,0,0,0,0,0,0,0,0
2016-06-22,Other,0,0,0,0,0,0,0,0,0,0
2016-06-23,Gmail,0,0,0,0,0,0,0,0,0,0
2016-06-23,Other,0,0,0,0,0,0,0,0,0,0
2016-06-24,Gmail,0,0,0,0,0,0,0,0,0,0
2016-06-24,Other,0,0,0,0,0,0,0,0,0,0
2016-06-25,Gmail,0,0,0,0,0,0,0,0,0,0
2016-06-25,Other,0,0,0,0,0,0,0,0,0,0
2016-06-26,Gmail,0,0,0,0,0,0,0,0,0,0
2016-06-26,Other,0,0,0,0,0,0,0,0,0,0
2016-06-27,Gmail,0,0,0,0,0,0,0,0,0,0
2016-06-27,Other,0,0,0,0,0,0,0,0,0,0
2016-06-28,Gmail,0,0,0,0,0,0,0,0,0,0
2016-06-28,Other,0,0,0,0,0,0,0,0,0,0
2016-06-29,Gmail,0,0,0,0,0,0,0,0,0,0
2016-06-29,Other,0,0,0,0,0,0,0,0,0,0
2016-06-30,Gmail,0,0,0,0,0,0,0,0,0,0
2016-06-30,Other,0,0,0,0,0,0,0,0,0,0
2016-07-01,Gmail,0,0,0,0,0,0,0,0,0,0
2016-07-01,Other,0,0,0,0,0,0,0,0,0,0
2016-07-02,Gmail,0,0,0,0,0,0,0,0,0,0
2016-07-02,Other,0,0,0,0,0,0,0,0,0,0
2016-07-03,Gmail,0,0,0,0,0,0,0,0,0,0
2016-07-03,Other,0,0,0,0,0,0,0,0,0,0
2016-07-04,Gmail,0,0,0,0,0,0,0,0,0,0
2016-07-04,Other,0,0,0,0,0,0,0,0,0,0
2016-07-05,Gmail,0,0,0,0,0,0,0,0,0,0
2016-07-05,Other,0,0,0,0,0,0,0,0,0,0
2016-07-06,Gmail,0,0,0,0,0,0,0,0,0,0
2016-07-06,Other,0,0,0,0,0,0,0,0,0,0
2016-07-07,Gmail,0,0,0,0,0,0,0,0,0,0
2016-07-07,Other,0,0,0,0,0,0,0,0,0,0
2016-07-08,Gmail,0,0,0,0,0,0,0,0,0,0
2016-07-08,Other,0,0,0,0,0,0,0,0,0,0
2016-07-09,Gmail,0,0,0,0,0,0,0,0,0,0
2016-07-09,Other,0,0,0,0,0,0,0,0,0,0
2016-07-10,Gmail,0,0,0,0,0,0,0,0,0,0
2016-07-10,Other,0,0,0,0,0,0,0,0,0,0
2016-07-11,Gmail,0,0,0,0,0,0,0,0,0,0
2016-07-11,Other,0,0,0,0,0,0,0,0,0,0
2016-07-12,Gmail,0,0,0,0,0,0,0,0,0,0
2016-07-12,Other,0,0,0,0,0,0,0,0,0,0
2016-07-13,Gmail,0,0,0,0,0,0,0,0,0,0
2016-07-13,Other,0,0,0,0,0,0,0,0,0,0
2016-07-14,Gmail,0,0,0,0,0,0,0,0,0,0
2016-07-14,Other,0,0,0,0,0,0,0,0,0,0
2016-07-15,Gmail,0,0,0,0,0,0,0,0,0,0
2016-07-15,Other,0,0,0,0,0,0,0,0,0,0
2016-07-16,Gmail,0,0,0,0,0,0,0,0,0,0
2016-07-16,Other,0,0,0,0,0,0,0,0,0,0
2016-07-17,Gmail,0,0,0,0,0,0,0,0,0,0
2016-07-17,Other,0,0,0,0,0,0,0,0,0,0
2016-07-18,Gmail,0,0,0,0,0,0,0,0,0,0
2016-07-18,Other,0,0,0,0,0,0,0,0,0,0
2016-07-19,Gmail,0,0,0,0,0,0,0,0,0,0
2016-07-19,Other,0,0,0,0,0,0,0,0,0,0
2016-07-20,Gmail,0,0,0,0,0,0,0,0,0,0
2016-07-20,Other,0,0,0,0,0,0,0,0,0,0
2016-07-21,Gmail,0,0,0,0,0,0,0,0,0,0
2016-07-21,Other,0,0,0,0,0,0,0,0,0,0
2016-07-22,Gmail,0,0,0,0,0,0,0,0,0,0
2016-07-22,Other,0,0,0,0,0,0,0,0,0,0
2016-07-23,Gmail,0,0,0,0,0,0,0,0,0,0
2016-07-23,Other,0,0,0,0,0,0,0,0,0,0
2016-07-24,Gmail,0,0,0,0,0,0,0,0,0,0
2016-07-24,Other,0,0,0,0,0,0,0,0,0,0
2016-07-25,Gmail,0,0,0,0,0,0,0,0,0,0
2016-07-25,Other,0,0,0,0,0,0,0,0,0,0
2016-07-26,Gmail,0,0,0,0,0,0,0,0,0,0
2016-07-26,Other,0,0,0,0,0,0,0,0,0,0
2016-07-27,Gmail,0,0,0,0,0,0,0,0,0,0
2016-07-27,Other,0,0,0,0,0,0,0,0,0,0
2016-07-28,Gmail,0,0,0,0,0,0,0,0,0,0
2016-07-28,Other,0,0,0,0,0,0,0,0,0,0
2016-07-29,Gmail,0,0,0,0,0,0,0,0,0,0
2016-07-29,Other,0,0,0,0,0,0,0,0,0,0
2016-07-30,Gmail,0,0,0,0,0,0,0,0,0,0
2016-07-30,Other,0,0,0,0,0,0,0,0,0,0
2016-07-31,Gmail,0,0,0,0,0,0,0,0,0,0
2016-07-31,Other,0,0,0,0,0,0,0,0,0,0
2016-08-01,Gmail,0,0,0,0,0,0,0,0,0,0
2016-08-01,Other,0,0,0,0,0,0,0,0,0,0
2016-08-02,Gmail,0,0,0,0,0,0,0,0,0,0
2016-08-02,Other,0,0,0,0,0,0,0,0,0,0
2016-08-03,Gmail,0,0,0,0,0,0,0,0,0,0
2016-08-03,Other,0,0,0,0,0,0,0,0,0,0
2016-08-04,Gmail,0,0,0,0,0,0,0,0,0,0
2016-08-04,Other,0,0,0,0,0,0,0,0,0,0
2016-08-05,Gmail,0,0,0,0,0,0,0,0,0,0
2016-08-05,Other,0,0,0,0,0,0,0,0,0,0
2016-08-06,Gmail,0,0,0,0,0,0,0,0,0,0
2016-08-06,Other,0,0,0,0,0,0,0,0,0,0
2016-08-07,Gmail,0,0,0,0,0,0,0,0,0,0
2016-08-07,Other,0,0,0,0,0,0,0,0,0,0
2016-08-08,Gmail,0,0,0,0,0,0,0,0,0,0
2016-08-08,Other,0,0,0,0,0,0,0,0,0,0
2016-08-09,Gmail,0,0,0,0,0,0,0,0,0,0
2016-08-09,Other,0,0,0,0,0,0,0,0,0,0
2016-08-10,Gmail,0,0,0,0,0,0,0,0,0,0
2016-08-10,Other,0,0,0,0,0,0,0,0,0,0
2016-08-11,Gmail,0,0,0,0,0,0,0,0,0,0
2016-08-11,Other,0,0,0,0,0,0,0,0,0,0
2016-08-12,Gmail,0,0,0,0,0,0,0,0,0,0
2016-08-12,Other,0,0,0,0,0,0,0,0,0,0
2016-08-13,Gmail,0,0,0,0,0,0,0,0,0,0
2016-08-13,Other,0,0,0,0,0,0,0,0,0,0
2016-08-14,Gmail,0,0,0,0,0,0,0,0,0,0
2016-08-14,Other,0,0,0,0,0,0,0,0,0,0
2016-08-15,Gmail,0,0,0,0,0,0,0,0,0,0
2016-08-15,Other,0,0,0,0,0,0,0,0,0,0
2016-08-16,Gmail,0,0,0,0,0,0,0,0,0,0
2016-08-16,Other,0,0,0,0,0,0,0,0,0,0
2016-08-17,Gmail,0,0,0,0,0,0,0,0,0,0
2016-08-17,Other,0,0,0,0,0,0,0,0,0,0
2016-08-18,Gmail,0,0,0,0,0,0,0,0,0,0
2016-08-18,Other,0,0,0,0,0,0,0,0,0,0
2016-08-19,Gmail,0,0,0,0,0,0,0,0,0,0
2016-08-19,Other,0,0,0,0,0,0,0,0,0,0
2016-08-20,Gmail,0,0,0,0,0,0,0,0,0,0
2016-08-20,Other,0,0,0,0,0,0,0,0,0,0
2016-08-21,Gmail,0,0,0,0,0,0,0,0,0,0
2016-08-21,Other,0,0,0,0,0,0,0,0,0,0
2016-08-22,Gmail,0,0,0,0,0,0,0,0,0,0
2016-08-22,Other,0,0,0,0,0,0,0,0,0,0
2016-08-23,Gmail,0,0,0,0,0,0,0,0,0,0
2016-08-23,Other,0,0,0,0,0,0,0,0,0,0
2016-08-24,Gmail,0,0,0,0,0,0,0,0,0,0
2016-08-24,Other,0,0,0,0,0,0,0,0,0,0
2016-08-25,Gmail,0,0,0,0,0,0,0,0,0,0
2016-08-25,Other,0,0,0,0,0,0,0,0,0,0
2016-08-26,Gmail,0,0,0,0,0,0,0,0,0,0
2016-08-26,Other,0,0,0,0,0,0,0,0,0,0
2016-08-27,Gmail,0,0,0,0,0,0,0,0,0,0
2016-08-27,Other,0,0,0,0,0,0,0,0,0,0
2016-08-28,Gmail,0,0,0,0,0,0,0,0,0,0
2016-08-28,Other,0,0,0,0,0,0,0,0,0,0
2016-08-29,Gmail,0,0,0,0,0,0,0,0,0,0
2016-08-29,Other,0,0,0,0,0,0,0,0,0,0
2016-08-30,Gmail,0,0,0,0,0,0,0,0,0,0
2016-08-30,Other,0,0,0,0,0,0,0,0,0,0
2016-08-31,Gmail,0,0,0,0,0,0,0,0,0,0
2016-08-31,Other,0,0,0,0,0,0,0,0,0,0
2016-09-01,Gmail,0,0,0,0,0,0,0,0,0,0
2016-09-01,Other,0,0,0,0,0,0,0,0,0,0
2016-09-02,Gmail,0,0,0,0,0,0,0,0,0,0
2016-09-02,Other,0,0,0,0,0,0,0,0,0,0
2016-09-03,Gmail,0,0,0,0,0,0,0,0,0,0
2016-09-03,Other,0,0,0,0,0,0,0,0,0,0
2016-09-04,Gmail,0,0,0,0,0,0,0,0,0,0
2016-09-04,Other,0,0,0,0,0,0,0,0,0,0
2016-09-05,Gmail,0,0,0,0,0,0,0,0,0,0
2016-09-05,Other,0,0,0,0,0,0,0,0,0,0
2016-09-06,Gmail,0,0,0,0,0,0,0,0,0,0
2016-09-06,Other,0,0,0,0,0,0,0,0,0,0
2016-09-07,Gmail,0,0,0,0,0,0,0,0,0,0
2016-09-07,Other,0,0,0,0,0,0,0,0,0,0
2016-09-08,Gmail,0,0,0,0,0,0,0,0,0,0
2016-09-08,Other,0,0,0,0,0,0,0,0,0,0
2016-09-09,Gmail,0,0,0,0,0,0,0,0,0,0
2016-09-09,Other,0,0,0,0,0,0,0,0,0,0
2016-09-10,Gmail,0,0,0,0,0,0,0,0,0,0
2016-09-10,Other,0,0,0,0,0,0,0,0,0,0
2016-09-11,Gmail,0,0,0,0,0,0,0,0,0,0
2016-09-11,Other,0,0,0,0,0,0,0,0,0,0
2016-09-12,Gmail,0,0,0,0,0,0,0,0,0,0
2016-09-12,Other,0,0,0,0,0,0,0,0,0,0
2016-09-13,Gmail,0,0,0,0,0,0,0,0,0,0
2016-09-13,Other,0,0,0,0,0,0,0,0,0,0
2016-09-14,Gmail,0,0,0,0,0,0,0,0,0,0
2016-09-14,Other,0,0,0,0,0,0,0,0,0,0
2016-09-15,Gmail,0,0,0,0,0,0,0,0,0,0
2016-09-15,Other,0,0,0,0,0,0,0,0,0,0
2016-09-16,Gmail,0,0,0,0,0,0,0,0,0,0
2016-09-16,Other,0,0,0,0,0,0,0,0,0,0
2016-09-17,Gmail,0,0,0,0,0,0,0,0,0,0
2016-09-17,Other,0,0,0,0,0,0,0,0,0,0
2016-09-18,Gmail,0,0,0,0,0,0,0,0,0,0
2016-09-18,Other,0,0,0,0,0,0,0,0,0,0
2016-09-19,Gmail,0,0,0,0,0,0,0,0,0,0
2016-09-19,Other,0,0,0,0,0,0,0,0,0,0
2016-09-20,Gmail,0,0,0,0,0,0,0,0,0,0
2016-09-20,Other,0,0,0,0,0,0,0,0,0,0
2016-09-21,Gmail,0,0,0,0,0,0,0,0,0,0
2016-09-21,Other,0,0,0,0,0,0,0,0,0,0
2016-09-22,Gmail,0,0,0,0,0,0,0,0,0,0
2016-09-22,Other,0,0,0,0,0,0,0,0,0,0
2016-09-23,Gmail,0,0,0,0,0,0,0,0,0,0
2016-09-23,Other,0,0,0,0,0,0,0,0,0,0
2016-09-24,Gmail,0,0,0,0,0,0,0,0,0,0
2016-09-24,Other,0,0,0,0,0,0,0,0,0,0
2016-09-25,Gmail,0,0,0,0,0,0,0,0,0,0
2016-09-25,Other,0,0,0,0,0,0,0,0,0,0
2016-09-26,Gmail,0,0,0,0,0,0,0,0,0,0
2016-09-26,Other,0,0,0,0,0,0,0,0,0,0
2016-09-27,Gmail,0,0,0,0,0,0,0,0,0,0
2016-09-27,Other,0,0,0,0,0,0,0,0,0,0
2016-09-28,Gmail,0,0,0,0,0,0,0,0,0,0
2016-09-28,Other,0,0,0,0,0,0,0,0,0,0
2016-09-29,Gmail,0,0,0,0,0,0,0,0,0,0
2016-09-29,Other,0,0,0,0,0,0,0,0,0,0
2016-09-30,Gmail,0,0,0,0,0,0,0,0,0,0
2016-09-30,Other,0,0,0,0,0,0,0,0,0,0
2016-10-01,Gmail,0,0,0,0,0,0,0,0,0,0
2016-10-01,Other,0,0,0,0,0,0,0,0,0,0
2016-10-02,Gmail,0,0,0,0,0,0,0,0,0,0
2016-10-02,Other,0,0,0,0,0,0,0,0,0,0
2016-10-03,Gmail,0,0,0,0,0,0,0,0,0,0
2016-10-03,Other,0,0,0,0,0,0,0,0,0,0
2016-10-04,Gmail,0,0,0,0,0,0,0,0,0,0
2016-10-04,Other,0,0,0,0,0,0,0,0,0,0
2016-10-05,Gmail,0,0,0,0,0,0,0,0,0,0
2016-10-05,Other,0,0,0,0,0,0,0,0,0,0
2016-10-06,Gmail,0,0,0,0,0,0,0,0,0,0
2016-10-06,Other,0,0,0,0,0,0,0,0,0,0
2016-10-07,Gmail,0,0,0,0,0,0,0,0,0,0
2016-10-07,Other,0,0,0,0,0,0,0,0,0,0
2016-10-08,Gmail,0,0,0,0,0,0,0,0,0,0
2016-10-08,Other,0,0,0,0,0,0,0,0,0,0
2016-10-09,Gmail,0,0,0,0,0,0,0,0,0,0
2016-10-09,Other,0,0,0,0,0,0,0,0,0,0
2016-10-10,Gmail,0,0,0,0,0,0,0,0,0,0
2016-10-10,Other,0,0,0,0,0,0,0,0,0,0
2016-10-11,Gmail,0,0,0,0,0,0,0,0,0,0
2016-10-11,Other,0,0,0,0,0,0,0,0,0,0
2016-10-12,Gmail,0,0,0,0,0,0,0,0,0,0
2016-10-12,Other,0,0,0,0,0,0,0,0,0,0
2016-10-13,Gmail,0,0,0,0,0,0,0,0,0,0
2016-10-13,Other,0,0,0,0,0,0,0,0,0,0
2016-10-14,Gmail,0,0,0,0,0,0,0,0,0,0
2016-10-14,Other,0,0,0,0,0,0,0,0,0,0
2016-10-15,Gmail,0,0,0,0,0,0,0,0,0,0
2016-10-15,Other,0,0,0,0,0,0,0,0,0,0
2016-10-16,Gmail,0,0,0,0,0,0,0,0,0,0
2016-10-16,Other,0,0,0,0,0,0,0,0,0,0
2016-10-17,Gmail,0,0,0,0,0,0,0,0,0,0
2016-10-17,Other,0,0,0,0,0,0,0,0,0,0
2016-10-18,Gmail,0,0,0,0,0,0,0,0,0,0
2016-10-18,Other,0,0,0,0,0,0,0,0,0,0
2016-10-19,Gmail,0,0,0,0,0,0,0,0,0,0
2016-10-19,Other,0,0,0,0,0,0,0,0,0,0
2016-10-20,Gmail,0,0,0,0,0,0,0,0,0,0
2016-10-20,Other,0,0,0,0,0,0,0,0,0,0
2016-10-21,Gmail,0,0,0,0,0,0,0,0,0,0
2016-10-21,Other,0,0,0,0,0,0,0,0,0,0
2016-10-22,Gmail,0,0,0,0,0,0,0,0,0,0
2016-10-22,Other,0,0,0,0,0,0,0,0,0,0
2016-10-23,Gmail,0,0,0,0,0,0,0,0,0,0
2016-10-23,Other,0,0,0,0,0,0,0,0,0,0
2016-10-24,Gmail,0,0,0,0,0,0,0,0,0,0
2016-10-24,Other,0,0,0,0,0,0,0,0,0,0
2016-10-25,Gmail,0,0,0,0,0,0,0,0,0,0
2016-10-25,Other,0,0,0,0,0,0,0,0,0,0
2016-10-26,Gmail,0,0,0,0,0,0,0,0,0,0
2016-10-26,Other,0,0,0,0,0,0,0,0,0,0
2016-10-27,Gmail,0,0,0,0,0,0,0,0,0,0
2016-10-27,Other,0,0,0,0,0,0,0,0,0,0
2016-10-28,Gmail,0,0,0,0,0,0,0,0,0,0
2016-10-28,Other,0,0,0,0,0,0,0,0,0,0
2016-10-29,Gmail,0,0,0,0,0,0,0,0,0,0
2016-10-29,Other,0,0,0,0,0,0,0,0,0,0
2016-10-30,Gmail,0,0,0,0,0,0,0,0,0,0
2016-10-30,Other,0,0,0,0,0,0,0,0,0,0
2016-10-31,Gmail,0,0,0,0,0,0,0,0,0,0
2016-10-31,Other,0,0,0,0,0,0,0,0,0,0
2016-11-01,Gmail,0,0,0,0,0,0,0,0,0,0
2016-11-01,Other,0,0,0,0,0,0,0,0,0,0
2016-11-02,Gmail,0,0,0,0,0,0,0,0,0,0
2016-11-02,Other,0,0,0,0,0,0,0,0,0,0
2016-11-03,Gmail,0,0,0,0,0,0,0,0,0,0
2016-11-03,Other,0,0,0,0,0,0,0,0,0,0
2016-11-04,Gmail,0,0,0,0,0,0,0,0,0,0
2016-11-04,Other,0,0,0,0,0,0,0,0,0,0
2016-11-05,Gmail,0,0,0,0,0,0,0,0,0,0
2016-11-05,Other,0,0,0,0,0,0,0,0,0,0
2016-11-06,Gmail,0,0,0,0,0,0,0,0,0,0
2016-11-06,Other,0,0,0,0,0,0,0,0,0,0
2016-11-07,Gmail,0,0,0,0,0,0,0,0,0,0
2016-11-07,Other,0,0,0,0,0,0,0,0,0,0
2016-11-08,Gmail,0,0,0,0,0,0,0,0,0,0
2016-11-08,Other,0,0,0,0,0,0,0,0,0,0
2016-11-09,Gmail,0,0,0,0,0,0,0,0,0,0
2016-11-09,Other,0,0,0,0,0,0,0,0,0,0
2016-11-10,Gmail,0,0,0,0,0,0,0,0,0,0
2016-11-10,Other,0,0,0,0,0,0,0,0,0,0
2016-11-11,Gmail,0,0,0,0,0,0,0,0,0,0
2016-11-11,Other,0,0,0,0,0,0,0,0,0,0
2016-11-12,Gmail,0,0,0,0,0,0,0,0,0,0
2016-11-12,Other,0,0,0,0,0,0,0,0,0,0
2016-11-13,Gmail,0,0,0,0,0,0,0,0,0,0
2016-11-13,Other,0,0,0,0,0,0,0,0,0,0
2016-11-14,Gmail,0,0,0,0,0,0,0,0,0,0
2016-11-14,Other,0,0,0,0,0,0,0,0,0,0
2016-11-15,Gmail,0,0,0,0,0,0,0,0,0,0
2016-11-15,Other,0,0,0,0,0,0,0,0,0,0
2016-11-16,Gmail,0,0,0,0,0,0,0,0,0,0
2016-11-16,Other,0,0,0,0,0,0,0,0,0,0
2016-11-17,Gmail,0,0,0,0,0,0,0,0,0,0
2016-11-17,Other,0,0,0,0,0,0,0,0,0,0
2016-11-18,Gmail,0,0,0,0,0,0,0,0,0,0
2016-11-18,Other,0,0,0,0,0,0,0,0,0,0
2016-11-19,Gmail,0,0,0,0,0,0,0,0,0,0
2016-11-19,Other,0,0,0,0,0,0,0,0,0,0
2016-11-20,Gmail,0,0,0,0,0,0,0,0,0,0
2016-11-20,Other,0,0,0,0,0,0,0,0,0,0
2016-11-21,Gmail,0,0,0,0,0,0,0,0,0,0
2016-11-21,Other,0,0,0,0,0,0,0,0,0,0
2016-11-22,Gmail,0,0,0,0,0,0,0,0,0,0
2016-11-22,Other,0,0,0,0,0,0,0,0,0,0
2016-11-23,Gmail,0,0,0,0,0,0,0,0,0,0
2016-11-23,Other,0,0,0,0,0,0,0,0,0,0
2016-11-24,Gmail,0,0,0,0,0,0,0,0,0,0
2016-11-24,Other,0,0,0,0,0,0,0,0,0,0
2016-11-25,Gmail,0,0,0,0,0,0,0,0,0,0
2016-11-25,Other,0,0,0,0,0,0,0,0,0,0
2016-11-26,Gmail,0,0,0,0,0,0,0,0,0,0
2016-11-26,Other,0,0,0,0,0,0,0,0,0,0
2016-11-27,Gmail,0,0,0,0,0,0,0,0,0,0
2016-11-27,Other,0,0,0,0,0,0,0,0,0,0
2016-11-28,Gmail,0,0,0,0,0,0,0,0,0,0
2016-11-28,Other,0,0,0,0,0,0,0,0,0,0
2016-11-29,Gmail,0,0,0,0,0,0,0,0,0,0
2016-11-29,Other,0,0,0,0,0,0,0,0,0,0
2016-11-30,Gmail,0,0,0,0,0,0,0,0,0,0
2016-11-30,Other,0,0,0,0,0,0,0,0,0,0
2016-12-01,Gmail,0,0,0,0,0,0,0,0,0,0
2016-12-01,Other,0,0,0,0,0,0,0,0,0,0
2016-12-02,Gmail,0,0,0,0,0,0,0,0,0,0
2016-12-02,Other,0,0,0,0,0,0,0,0,0,0
2016-12-03,Gmail,0,0,0,0,0,0,0,0,0,0
2016-12-03,Other,0,0,0,0,0,0,0,0,0,0
2016-12-04,Gmail,0,0,0,0,0,0,0,0,0,0
2016-12-04,Other,0,0,0,0,0,0,0,0,0,0
2016-12-05,Gmail,0,0,0,0,0,0,0,0,0,0
2016-12-05,Other,0,0,0,0,0,0,0,0,0,0
2016-12-06,Gmail,0,0,0,0,0,0,0,0,0,0
2016-12-06,Other,0,0,0,0,0,0,0,0,0,0
2016-12-07,Gmail,0,0,0,0,0,0,0,0,0,0
2016-12-07,Other,0,0,0,0,0,0,0,0,0,0
2016-12-08,Gmail,0,0,0,0,0,0,0,0,0,0
2016-12-08,Other,0,0,0,0,0,0,0,0,0,0
2016-12-09,Gmail,0,0,0,0,0,0,0,0,0,0
2016-12-09,Other,0,0,0,0,0,0,0,0,0,0
2016-12-10,Gmail,0,0,0,0,0,0,0,0,0,0
2016-12-10,Other,0,0,0,0,0,0,0,0,0,0
2016-12-11,Gmail,0,0,0,0,0,0,0,0,0,0
2016-12-11,Other,0,0,0,0,0,0,0,0,0,0
2016-12-12,Gmail,0,0,0,0,0,0,0,0,0,0
2016-12-12,Other,0,0,0,0,0,0,0,0,0,0
2016-12-13,Gmail,0,0,0,0,0,0,0,0,0,0
2016-12-13,Other,0,0,0,0,0,0,0,0,0,0
2016-12-14,Gmail,0,0,0,0,0,0,0,0,0,0
2016-12-14,Other,0,0,0,0,0,0,0,0,0,0
2016-12-15,Gmail,0,0,0,0,0,0,0,0,0,0
2016-12-15,Other,0,0,0,0,0,0,0,0,0,0
2016-12-16,Gmail,0,0,0,0,0,0,0,0,0,0
2016-12-16,Other,0,0,0,0,0,0,0,0,0,0
2016-12-17,Gmail,0,0,0,0,0,0,0,0,0,0
2016-12-17,Other,0,0,0,0,0,0,0,0,0,0
2016-12-18,Gmail,0,0,0,0,0,0,0,0,0,0
2016-12-18,Other,0,0,0,0,0,0,0,0,0,0
2016-12-19,Gmail,0,0,0,0,0,0,0,0,0,0
2016-12-19,Other,0,0,0,0,0,0,0,0,0,0
2016-12-20,Gmail,0,0,0,0,0,0,0,0,0,0
2016-12-20,Other,0,0,0,0,0,0,0,0,0,0
2016-12-21,Gmail,0,0,0,0,0,0,0,0,0,0
2016-12-21,Other,0,0,0,0,0,0,0,0,0,0
2016-12-22,Gmail,0,0,0,0,0,0,0,0,0,0
2016-12-22,Other,0,0,0,0,0,0,0,0,0,0
2016-12-23,Gmail,0,0,0,0,0,0,0,0,0,0
2016-12-23,Other,0,0,0,0,0,0,0,0,0,0
2016-12-24,Gmail,0,0,0,0,0,0,0,0,0,0
2016-12-24,Other,0,0,0,0,0,0,0,0,0,0
2016-12-25,Gmail,0,0,0,0,0,0,0,0,0,0
2016-12-25,Other,0,0,0,0,0,0,0,0,0,0
2016-12-26,Gmail,0,0,0,0,0,0,0,0,0,0
2016-12-26,Other,0,0,0,0,0,0,0,0,0,0
2016-12-27,Gmail,0,0,0,0,0,0,0,0,0,0
2016-12-27,Other,0,0,0,0,0,0,0,0,0,0
2016-12-28,Gmail,0,0,0,0,5,0,0,0,0,0
2016-12-28,Other,0,0,0,0,6,0,0,0,0,0
2016-12-29,Gmail,0,0,0,0,1,0,0,0,0,0
2016-12-29,Other,0,0,0,0,32,0,0,0,0,0
2016-12-30,Gmail,0,0,0,0,0,0,0,0,0,0
2016-12-30,Other,0,0,0,0,0,0,0,0,0,0
2016-12-31,Gmail,0,0,0,0,0,0,0,0,0,0
2016-12-31,Other,0,0,0,0,0,0,0,0,0,0
2017-01-01,Gmail,0,0,0,0,0,0,0,0,0,0
2017-01-01,Other,0,0,0,0,0,0,0,0,0,0
2017-01-02,Gmail,0,0,0,0,0,0,0,0,0,0
2017-01-02,Other,0,0,0,0,0,0,0,0,0,0
2017-01-03,Gmail,0,0,0,0,0,0,0,0,0,0
2017-01-03,Other,0,0,0,0,0,0,0,0,0,0
2017-01-04,Gmail,0,0,0,0,0,0,0,0,0,0
2017-01-04,Other,0,0,0,0,20,0,0,0,0,0
2017-01-05,Gmail,0,0,0,0,0,0,0,0,0,0
2017-01-05,Other,0,0,0,0,0,0,0,0,0,0
2017-01-06,Gmail,0,0,0,0,0,0,0,0,0,0
2017-01-06,Other,0,0,0,0,10,0,0,0,0,0
2017-01-07,Gmail,0,0,0,0,0,0,0,0,0,0
2017-01-07,Other,0,0,0,0,0,0,0,0,0,0
2017-01-08,Gmail,0,0,0,0,0,0,0,0,0,0
2017-01-08,Other,0,0,0,0,0,0,0,0,0,0
2017-01-09,Gmail,0,0,0,0,0,0,0,0,0,0
2017-01-09,Other,0,0,0,0,10,0,0,0,0,0
2017-01-10,Gmail,0,0,0,0,0,0,0,0,0,0
2017-01-10,Other,0,0,0,0,0,0,0,0,0,0
2017-01-11,Gmail,0,0,0,0,0,0,0,0,0,0
2017-01-11,Other,0,0,0,0,0,0,0,0,0,0
2017-01-12,Gmail,0,0,0,0,2,0,0,0,0,0
2017-01-12,Other,0,0,0,0,90,0,0,0,0,0
2017-01-13,Gmail,0,0,0,0,0,0,0,0,0,0
2017-01-13,Other,0,0,0,0,0,0,0,0,0,0
2017-01-14,Gmail,0,0,0,0,0,0,0,0,0,0
2017-01-14,Other,0,0,0,0,0,0,0,0,0,0
2017-01-15,Gmail,0,0,0,0,0,0,0,0,0,0
2017-01-15,Other,0,0,0,0,0,0,0,0,0,0
2017-01-16,Gmail,0,0,0,0,0,0,0,0,0,0
2017-01-16,Other,0,0,0,0,0,0,0,0,0,0
2017-01-17,Gmail,0,0,0,0,0,0,0,0,0,0
2017-01-17,Other,0,0,0,0,0,0,0,0,0,0
2017-01-18,Gmail,0,0,0,0,0,0,0,0,0,0
2017-01-18,Other,0,0,0,0,0,0,0,0,0,0
2017-01-19,Gmail,0,0,0,0,0,0,0,0,0,0
2017-01-19,Other,0,0,0,0,0,0,0,0,0,0
2017-01-20,Gmail,0,0,0,0,0,0,0,0,0,0
2017-01-20,Other,0,0,0,0,0,0,0,0,0,0
2017-01-21,Gmail,0,0,0,0,0,0,0,0,0,0
2017-01-21,Other,0,0,0,0,0,0,0,0,0,0
2017-01-22,Gmail,0,0,0,0,0,0,0,0,0,0
2017-01-22,Other,0,0,0,0,0,0,0,0,0,0
2017-01-23,Gmail,0,0,0,0,0,0,0,0,0,0
2017-01-23,Other,0,0,0,0,0,0,0,0,0,0
2017-01-24,Gmail,0,0,0,0,0,0,0,0,0,0
2017-01-24,Other,0,0,0,0,0,0,0,0,0,0
2017-01-25,Gmail,0,0,0,0,0,0,0,0,0,0
2017-01-25,Other,0,0,0,0,0,0,0,0,0,0
2017-01-26,Gmail,0,0,0,0,0,0,0,0,0,0
2017-01-26,Other,0,0,0,0,0,0,0,0,0,0
2017-01-27,Gmail,0,0,0,0,0,0,0,0,0,0
2017-01-27,Other,0,0,0,0,0,0,0,0,0,0
2017-01-28,Gmail,0,0,0,0,0,0,0,0,0,0
2017-01-28,Other,0,0,0,0,0,0,0,0,0,0
2017-01-29,Gmail,0,0,0,0,0,0,0,0,0,0
2017-01-29,Other,0,0,0,0,0,0,0,0,0,0
2017-01-30,Gmail,0,0,0,0,0,0,0,0,0,0
2017-01-30,Other,0,0,0,0,0,0,0,0,0,0
2017-01-31,Gmail,0,0,0,0,0,0,0,0,0,0
2017-01-31,Other,0,0,0,0,0,0,0,0,0,0
2017-02-01,Gmail,0,0,0,0,0,0,0,0,0,0
2017-02-01,Other,0,0,0,0,0,0,0,0,0,0
2017-02-02,Gmail,0,0,0,0,0,0,0,0,0,0
2017-02-02,Other,0,0,0,0,0,0,0,0,0,0
2017-02-03,Gmail,0,0,0,0,0,0,0,0,0,0
2017-02-03,Other,0,0,0,0,0,0,0,0,0,0
2017-02-04,Gmail,0,0,0,0,0,0,0,0,0,0
2017-02-04,Other,0,0,0,0,0,0,0,0,0,0
2017-02-05,Gmail,0,0,0,0,0,0,0,0,0,0
2017-02-05,Other,0,0,0,0,0,0,0,0,0,0
2017-02-06,Gmail,0,0,0,0,0,0,0,0,0,0
2017-02-06,Other,0,0,0,0,0,0,0,0,0,0
2017-02-07,Gmail,0,0,0,0,0,0,0,0,0,0
2017-02-07,Other,0,0,0,0,0,0,0,0,0,0
2017-02-08,Gmail,0,0,0,0,0,0,0,0,0,0
2017-02-08,Other,0,0,0,0,0,0,0,0,0,0
2017-02-09,Gmail,0,0,0,0,0,0,0,0,0,0
2017-02-09,Other,0,0,0,0,0,0,0,0,0,0
2017-02-10,Gmail,0,0,0,0,0,0,0,0,0,0
2017-02-10,Other,0,0,0,0,0,0,0,0,0,0
2017-02-11,Gmail,0,0,0,0,0,0,0,0,0,0
2017-02-11,Other,0,0,0,0,0,0,0,0,0,0
2017-02-12,Gmail,0,0,0,0,0,0,0,0,0,0
2017-02-12,Other,0,0,0,0,0,0,0,0,0,0
2017-02-13,Gmail,0,0,0,0,0,0,0,0,0,0
2017-02-13,Other,0,0,0,0,0,0,0,0,0,0
2017-02-14,Gmail,0,0,0,0,0,0,0,0,0,0
2017-02-14,Other,0,0,0,0,0,0,0,0,0,0
2017-02-15,Gmail,0,0,0,0,0,0,0,0,0,0
2017-02-15,Other,0,0,0,0,0,0,0,0,0,0
2017-02-16,Gmail,0,0,0,0,0,0,0,0,0,0
2017-02-16,Other,0,0,0,0,0,0,0,0,0,0
2017-02-17,Gmail,0,0,0,0,0,0,0,0,0,0
2017-02-17,Other,0,0,0,0,0,0,0,0,0,0
2017-02-18,Gmail,0,0,0,0,0,0,0,0,0,0
2017-02-18,Other,0,0,0,0,0,0,0,0,0,0
2017-02-19,Gmail,0,0,0,0,0,0,0,0,0,0
2017-02-19,Other,0,0,0,0,0,0,0,0,0,0
2017-02-20,Gmail,0,0,0,0,0,0,0,0,0,0
2017-02-20,Other,0,0,0,0,0,0,0,0,0,0
2017-02-21,Gmail,0,0,0,0,0,0,0,0,0,0
2017-02-21,Other,0,0,0,0,0,0,0,0,0,0
2017-02-22,Gmail,0,0,0,0,0,0,0,0,0,0
2017-02-22,Other,0,0,0,0,0,0,0,0,0,0
2017-02-23,Gmail,0,0,0,0,0,0,0,0,0,0
2017-02-23,Other,0,0,0,0,10,0,0,0,0,0
2017-02-24,Gmail,0,0,0,0,0,0,0,0,0,0
2017-02-24,Other,0,0,0,0,0,0,0,0,0,0
2017-02-25,Gmail,0,0,0,0,0,0,0,0,0,0
2017-02-25,Other,0,0,0,0,0,0,0,0,0,0
2017-02-26,Gmail,0,0,0,0,0,0,0,0,0,0
2017-02-26,Other,0,0,0,0,0,0,0,0,0,0
2017-02-27,Gmail,0,0,0,0,0,0,0,0,0,0
2017-02-27,Other,0,0,0,0,0,0,0,0,0,0
2017-02-28,Gmail,0,0,0,0,0,0,0,0,0,0
2017-02-28,Other,0,0,0,0,0,0,0,0,0,0
2017-03-01,Gmail,0,0,0,0,0,0,0,0,0,0
2017-03-01,Other,0,0,0,0,0,0,0,0,0,0
2017-03-02,Gmail,0,0,0,0,0,0,0,0,0,0
2017-03-02,Other,0,0,0,0,0,0,0,0,0,0
2017-03-03,Gmail,0,0,0,0,0,0,0,0,0,0
2017-03-03,Other,0,0,0,0,0,0,0,0,0,0
2016-01-01,Gmail,0,0,0,0,0,0,0,0,0,0
2016-01-01,Other,0,0,0,0,0,0,0,0,0,0
